823.086
822.814
822.715
822.662
822.656
822.643
822.635
822.635
822.66
822.623
822.646
822.631
822.644
822.646
822.643
822.617
822.632
822.62
822.626
822.631
822.654
822.623
822.6
822.58
822.61
822.656
822.594
822.616
822.61
822.598
822.627
822.624
822.614
822.624
822.645
822.632
822.588
822.606
822.642
822.606
822.613
822.61
822.587
822.612
822.584
822.61
822.603
822.595
822.625
822.629
822.643
822.59
822.646
822.617
822.621
822.629
822.639
822.623
822.619
822.632
822.651
822.635
822.604
822.632
822.626
822.627
822.628
822.634
822.634
822.631
822.646
822.625
822.651
822.65
822.606
822.634
822.633
822.632
822.634
822.64
822.633
822.626
822.652
822.629
822.597
822.622
822.63
822.635
822.658
822.633
822.615
822.624
822.596
822.589
811.242
817.651
818.137
819.312
822.528
822.479
