814.674
814.548
814.434
814.379
814.336
814.346
814.324
814.29
814.39
814.338
814.082
814.117
814.075
814.168
814.034
814.173
814.353
814.359
814.39
814.418
814.381
814.382
814.363
814.359
814.358
814.389
814.38
814.358
814.361
814.355
814.36
814.072
814.201
814.113
814.132
814.079
814.382
814.411
814.433
814.397
814.386
814.38
814.401
814.298
814.396
814.409
814.394
814.489
814.394
814.407
814.382
814.422
814.37
814.425
814.382
814.321
814.312
814.38
814.435
814.471
814.411
814.355
814.37
814.347
814.489
814.373
814.37
814.432
814.362
814.321
814.308
814.311
814.313
814.396
814.358
814.283
814.205
814.24
814.236
814.261
814.237
814.29
814.354
814.34
814.353
814.353
808.467
814.345
814.386
814.339
814.264
814.213
814.214
814.237
814.227
814.276
814.312
814.223
814.228
814.175
